20130102
20130103
20130104
20130107
20130108
20130109
20130110
20130111
20130114
20130115
20130116
20130117
20130118
20130121
20130122
20130123
20130124
20130125
20130128
20130129
20130130
20130131
20130201
20130204
20130205
20130206
20130218
20130219
20130220
20130221
20130222
20130223
20130225
20130226
20130227
20130301
20130304
20130305
20130306
20130307
20130308
20130311
20130312
20130313
20130314
20130315
20130318
20130319
20130320
20130321
20130322
20130325
20130326
20130327
20130328
20130329
20130401
20130402
20130403
20130408
20130409
20130410
20130411
20130412
20130415
20130416
20130417
20130418
20130419
20130422
20130423
20130424
20130425
20130426
20130429
20130430
20130502
20130503
20130506
20130507
20130508
20130509
20130510
20130513
20130514
20130515
20130516
20130517
20130520
20130521
20130522
20130523
20130524
20130527
20130528
20130529
20130530
20130531
20130603
20130604
20130605
20130606
20130607
20130610
20130611
20130613
20130614
20130617
20130618
20130619
20130620
20130621
20130624
20130625
20130626
20130627
20130628
20130701
20130702
20130703
20130704
20130705
20130708
20130709
20130710
20130711
20130712
20130715
20130716
20130717
20130718
20130719
20130722
20130723
20130724
20130725
20130726
20130729
20130730
20130731
20130801
20130802
20130805
20130806
20130807
20130808
20130809
20130812
20130813
20130814
20130815
20130816
20130819
20130820
20130822
20130823
20130826
20130827
20130828
20130829
20130830
20130902
20130903
20130904
20130905
20130906
20130909
20130910
20130911
20130912
20130913
20130914
20130916
20130917
20130918
20130923
20130924
20130925
20130926
20130927
20130930
20131001
20131002
20131003
20131004
20131007
20131008
20131009
20131011
20131014
20131015
20131016
20131017
20131018
20131021
20131022
20131023
20131024
20131025
20131028
20131029
20131030
20131031
20131101
20131104
20131105
20131106
20131107
20131108
20131111
20131112
20131113
20131114
20131115
20131118
20131119
20131120
20131121
20131122
20131125
20131126
20131127
20131128
20131129
20131202
20131203
20131204
20131205
20131206
20131209
20131210
20131211
20131212
20131213
20131216
20131217
20131218
20131219
20131220
20131223
20131224
20131225
20131226
20131227
20131230
20131231
20140102
20140103
20140106
20140107
20140108
20140109
20140110
20140113
20140114
20140115
20140116
20140117
20140120
20140121
20140122
20140123
20140124
20140127
20140205
20140206
20140207
20140210
20140211
20140212
20140213
20140214
20140217
20140218
20140219
20140220
20140221
20140224
20140225
20140226
20140227
20140303
20140304
20140305
20140306
20140307
20140310
20140311
20140312
20140313
20140314
20140317
20140318
20140319
20140320
20140321
20140324
20140325
20140326
20140327
20140328
20140331
20140401
20140402
20140403
20140407
20140408
20140409
20140410
20140411
20140414
20140415
20140416
20140417
20140418
20140421
20140422
20140423
20140424
20140425
20140428
20140429
20140430
20140502
20140505
20140506
20140507
20140508
20140509
20140512
20140513
20140514
20140515
20140516
20140519
20140520
20140521
20140522
20140523
20140526
20140527
20140528
20140529
20140530
20140603
20140604
20140605
20140606
20140609
20140610
20140611
20140612
20140613
20140616
20140617
20140618
20140619
20140620
20140623
20140624
20140625
20140626
20140627
20140630
20140701
20140702
20140703
20140704
20140707
20140708
20140709
20140710
20140711
20140714
20140715
20140716
20140717
20140718
20140721
20140722
20140724
20140725
20140728
20140729
20140730
20140731
20140801
20140804
20140805
20140806
20140807
20140808
20140811
20140812
20140813
20140814
20140815
20140818
20140819
20140820
20140821
20140822
20140825
20140826
20140827
20140828
20140829
20140901
20140902
20140903
20140904
20140905
20140909
20140910
20140911
20140912
20140915
20140916
20140917
20140918
20140919
20140922
20140923
20140924
20140925
20140926
20140929
20140930
20141001
20141002
20141003
20141006
20141007
20141008
20141009
20141013
20141014
20141015
20141016
20141017
20141020
20141021
20141022
20141023
20141024
20141027
20141028
20141029
20141030
20141031
20141103
20141104
20141105
20141106
20141107
20141110
20141111
20141112
20141113
20141114
20141117
20141118
20141119
20141120
20141121
20141124
20141125
20141126
20141127
20141128
20141201
20141202
20141203
20141204
20141205
20141208
20141209
20141210
20141211
20141212
20141215
20141216
20141217
20141218
20141219
20141222
20141223
20141224
20141225
20141226
20141227
20141229
20141230
20141231
20150105
20150106
20150107
20150108
20150109
20150112
20150113
20150114
20150115
20150116
20150119
20150120
20150121
20150122
20150123
20150126
20150127
20150128
20150129
20150130
20150202
20150203
20150204
20150205
20150206
20150209
20150210
20150211
20150212
20150213
20150224
20150225
20150226
20150302
20150303
20150304
20150305
20150306
20150309
20150310
20150311
20150312
20150313
20150316
20150317
20150318
20150319
20150320
20150323
20150324
20150325
20150326
20150327
20150330
20150331
20150401
20150402
20150407
20150408
20150409
20150410
20150413
20150414
20150415
20150416
20150417
20150420
20150421
20150422
20150423
20150424
20150427
20150428
20150429
20150430
20150504
20150505
20150506
20150507
20150508
20150511
20150512
20150513
20150514
20150515
20150518
20150519
20150520
20150521
20150522
20150525
20150526
20150527
20150528
20150529
20150601
20150602
20150603
20150604
20150605
20150608
20150609
20150610
20150611
20150612
20150615
20150616
20150617
20150618
20150622
20150623
20150624
20150625
20150626
20150629
20150630
20150701
20150702
20150703
20150706
20150707
20150708
20150709
20150713
20150714
20150715
20150716
20150717
20150720
20150721
20150722
20150723
20150724
20150727
20150728
20150729
20150730
20150731
20150803
20150804
20150805
20150806
20150807
20150810
20150811
20150812
20150813
20150814
20150817
20150818
20150819
20150820
20150821
20150824
20150825
20150826
20150827
20150828
20150831
20150901
20150902
20150903
20150904
20150907
20150908
20150909
20150910
20150911
20150914
20150915
20150916
20150917
20150918
20150921
20150922
20150923
20150924
20150925
20150930
20151001
20151002
20151005
20151006
20151007
20151008
20151012
20151013
20151014
20151015
20151016
20151019
20151020
20151021
20151022
20151023
20151026
20151027
20151028
20151029
20151030
20151102
20151103
20151104
20151105
20151106
20151109
20151110
20151111
20151112
20151113
20151116
20151117
20151118
20151119
20151120
20151123
20151124
20151125
20151126
20151127
20151130
20151201
20151202
20151203
20151204
20151207
20151208
20151209
20151210
20151211
20151214
20151215
20151216
20151217
20151218
20151221
20151222
20151223
20151224
20151225
20151228
20151229
20151230
20151231
20160104
20160105
20160106
20160107
20160108
20160111
20160112
20160113
20160114
20160115
20160118
20160119
20160120
20160121
20160122
20160125
20160126
20160127
20160128
20160129
20160130
20160201
20160202
20160203
20160215
20160216
20160217
20160218
20160219
20160222
20160223
20160224
20160225
20160226
20160301
20160302
20160303
20160304
20160307
20160308
20160309
20160310
20160311
20160314
20160315
20160316
20160317
20160318
20160321
20160322
20160323
20160324
20160325
20160328
20160329
20160330
20160331
20160401
20160406
20160407
20160408
20160411
20160412
20160413
20160414
20160415
20160418
20160419
20160420
20160421
20160422
20160425
20160426
20160427
20160428
20160429
20160503
20160504
20160505
20160506
20160509
20160510
20160511
20160512
20160513
20160516
20160517
20160518
20160519
20160520
20160523
20160524
20160525
20160526
20160527
20160530
20160531
20160601
20160602
20160603
20160604
20160606
20160607
20160608
20160613
20160614
20160615
20160616
20160617
20160620
20160621
20160622
20160623
20160624
20160627
20160628
20160629
20160630
20160701
20160704
20160705
20160706
20160707
20160711
20160712
20160713
20160714
20160715
20160718
20160719
20160720
20160721
20160722
20160725
20160726
20160727
20160728
20160729
20160801
20160802
20160803
20160804
20160805
20160808
20160809
20160810
20160811
20160812
20160815
20160816
20160817
20160818
20160819
20160822
20160823
20160824
20160825
20160826
20160829
20160830
20160831
20160901
20160902
20160905
20160906
20160907
20160908
20160909
20160910
20160912
20160913
20160914
20160919
20160920
20160921
20160922
20160923
20160926
20160929
20160930
20161003
20161004
20161005
20161006
20161007
20161011
20161012
20161013
20161014
20161017
20161018
20161019
20161020
20161021
20161024
20161025
20161026
20161027
20161028
20161031
20161101
20161102
20161103
20161104
20161107
20161108
20161109
20161110
20161111
20161114
20161115
20161116
20161117
20161118
20161121
20161122
20161123
20161124
20161125
20161128
20161129
20161130
20161201
20161202
20161205
20161206
20161207
20161208
20161209
20161212
20161213
20161214
20161215
20161216
20161219
20161220
20161221
20161222
20161223
20161226
20161227
20161228
20161229
20161230
20170103
20170104
20170105
20170106
20170109
20170110
20170111
20170112
20170113
20170116
20170117
20170118
20170119
20170120
20170123
20170124
20170202
20170203
20170206
20170207
20170208
20170209
20170210
20170213
20170214
20170215
20170216
20170217
20170218
20170220
20170221
20170222
20170223
20170224
20170301
20170302
20170303
20170306
20170307
20170308
20170309
20170310
20170313
20170314
20170315
20170316
20170317
20170320
20170321
20170322
20170323
20170324
20170327
20170328
20170329
20170330
20170331
20170405
20170406
20170407
20170410
20170411
20170412
20170413
20170414
20170417
20170418
20170419
20170420
20170421
20170424
20170425
20170426
20170427
20170428
20170502
20170503
20170504
20170505
20170508
20170509
20170510
20170511
20170512
20170515
20170516
20170517
20170518
20170519
20170522
20170523
20170524
20170525
20170526
20170531
20170601
20170602
20170603
20170605
20170606
20170607
20170608
20170609
20170612
20170613
20170614
20170615
20170616
20170619
20170620
20170621
20170622
20170623
20170626
20170627
20170628
20170629
20170630
20170703
20170704
20170705
20170706
20170707
20170710
20170711
20170712
20170713
20170714
20170717
20170718
20170719
20170720
20170721
20170724
20170725
20170726
20170727
20170728
20170731
20170801
20170802
20170803
20170804
20170807
20170808
20170809
20170810
20170811
20170814
20170815
20170816
20170817
20170818
20170821
20170822
20170823
20170824
20170825
20170828
20170829
20170830
20170831
20170901
20170904
20170905
20170906
20170907
20170908
20170911
20170912
20170913
20170914
20170915
20170918
20170919
20170920
20170921
20170922
20170925
20170926
20170927
20170928
20170929
20170930
20171002
20171003
20171005
20171006
20171011
20171012
20171013
20171016
20171017
20171018
20171019
20171020
20171023
20171024
20171025
20171026
20171027
20171030
20171031
20171101
20171102
20171103
20171106
20171107
20171108
20171109
20171110
20171113
20171114
20171115
20171116
20171117
20171120
20171121
20171122
20171123
20171124
20171127
20171128
20171129
20171130
20171201
20171204
20171205
20171206
20171207
20171208
20171211
20171212
20171213
20171214
20171215
20171218
20171219
20171220
20171221
20171222
20171225
20171226
20171227
20171228
20171229
20180102
20180103
20180104
20180105
20180108
20180109
20180110
20180111
20180112
20180115
20180116
20180117
20180118
20180119
20180122
20180123
20180124
20180125
20180126
20180129
20180130
20180131
20180201
20180202
20180205
20180206
20180207
20180208
20180209
20180212
20180221
20180222
20180223
20180226
20180227
20180301
20180302
20180305
20180306
20180307
20180308
20180309
20180312
20180313
20180314
20180315
20180316
20180319
20180320
20180321
20180322
20180323
20180326
20180327
20180328
20180329
20180330
20180331
20180402
20180403
20180409
20180410
20180411
20180412
20180413
20180416
20180417
20180418
20180419
20180420
20180423
20180424
20180425
20180426
20180427
20180430
20180502
20180503
20180504
20180507
20180508
20180509
20180510
20180511
20180514
20180515
20180516
20180517
20180518
20180521
20180522
20180523
20180524
20180525
